deeplearning4j 1,0.18181818181818182 | 2,0.18181818181818182 | 7,0.18181818181818182 | 
jetty 12,0.0196078431372549 | 16,0.0196078431372549 | 4,0.058823529411764705 | 1,0.13725490196078433 | 2,0.29411764705882354 | 
hadoop 2,0.05555555555555555 | 6,0.05555555555555555 | 3,0.1111111111111111 | 
flink 9,0.02702702702702703 | 2,0.05405405405405406 | 8,0.05405405405405406 | 5,0.08108108108108109 | 1,0.13513513513513514 | 
kafka 12,0.0273972602739726 | 3,0.0410958904109589 | 4,0.0410958904109589 | 2,0.1232876712328767 | 1,0.2328767123287671 | 
tomcat 1,0.06666666666666667 | 
hive 
shiro 2,0.25 | 3,0.25 | 
hbase 10,0.05263157894736842 | 14,0.05263157894736842 | 3,0.10526315789473684 | 4,0.15789473684210525 | 1,0.21052631578947367 | 
jmeter 0,0.25 | 
deeplearning4j 1,0.18181818181818182 | 2,0.18181818181818182 | 7,0.18181818181818182 | 
jetty 12,0.0196078431372549 | 16,0.0196078431372549 | 4,0.058823529411764705 | 1,0.13725490196078433 | 2,0.29411764705882354 | 
hadoop 2,0.05555555555555555 | 6,0.05555555555555555 | 3,0.1111111111111111 | 
flink 9,0.02702702702702703 | 2,0.05405405405405406 | 8,0.05405405405405406 | 5,0.08108108108108109 | 1,0.13513513513513514 | 
kafka 12,0.0273972602739726 | 3,0.0410958904109589 | 4,0.0410958904109589 | 2,0.1232876712328767 | 1,0.2328767123287671 | 
tomcat 1,0.06666666666666667 | 
hive 
shiro 2,0.25 | 3,0.25 | 
hbase 10,0.05263157894736842 | 14,0.05263157894736842 | 3,0.10526315789473684 | 4,0.15789473684210525 | 1,0.21052631578947367 | 
jmeter 0,0.25 | 
deeplearning4j 1,0.18181818181818182 | 2,0.18181818181818182 | 7,0.18181818181818182 | 
jetty 12,0.0196078431372549 | 16,0.0196078431372549 | 4,0.058823529411764705 | 1,0.13725490196078433 | 2,0.29411764705882354 | 
hadoop 2,0.05555555555555555 | 6,0.05555555555555555 | 3,0.1111111111111111 | 
flink 9,0.02702702702702703 | 2,0.05405405405405406 | 8,0.05405405405405406 | 5,0.08108108108108109 | 1,0.13513513513513514 | 
kafka 12,0.0273972602739726 | 3,0.0410958904109589 | 4,0.0410958904109589 | 2,0.1232876712328767 | 1,0.2328767123287671 | 
tomcat 1,0.06666666666666667 | 
hive 
shiro 2,0.25 | 3,0.25 | 
hbase 10,0.05263157894736842 | 14,0.05263157894736842 | 3,0.10526315789473684 | 4,0.15789473684210525 | 1,0.21052631578947367 | 
jmeter 0,0.25 | 
deeplearning4j 1,0.18181818181818182 | 2,0.18181818181818182 | 7,0.18181818181818182 | 
jetty 12,0.0196078431372549 | 16,0.0196078431372549 | 4,0.058823529411764705 | 1,0.13725490196078433 | 2,0.29411764705882354 | 
hadoop 2,0.05555555555555555 | 6,0.05555555555555555 | 3,0.1111111111111111 | 
flink 9,0.02702702702702703 | 2,0.05405405405405406 | 8,0.05405405405405406 | 5,0.08108108108108109 | 1,0.13513513513513514 | 
kafka 12,0.0273972602739726 | 3,0.0410958904109589 | 4,0.0410958904109589 | 2,0.1232876712328767 | 1,0.2328767123287671 | 
tomcat 1,0.06666666666666667 | 
hive 
shiro 2,0.25 | 3,0.25 | 
hbase 10,0.05263157894736842 | 14,0.05263157894736842 | 3,0.10526315789473684 | 4,0.15789473684210525 | 1,0.21052631578947367 | 
jmeter 0,0.25 | 
deeplearning4j 1,0.18181818181818182 | 2,0.18181818181818182 | 7,0.18181818181818182 | 
jetty 12,0.0196078431372549 | 16,0.0196078431372549 | 4,0.058823529411764705 | 1,0.13725490196078433 | 2,0.29411764705882354 | 
hadoop 2,0.05555555555555555 | 6,0.05555555555555555 | 3,0.1111111111111111 | 
flink 9,0.02702702702702703 | 2,0.05405405405405406 | 8,0.05405405405405406 | 5,0.08108108108108109 | 1,0.13513513513513514 | 
kafka 12,0.0273972602739726 | 3,0.0410958904109589 | 4,0.0410958904109589 | 2,0.1232876712328767 | 1,0.2328767123287671 | 
tomcat 1,0.06666666666666667 | 
hive 
shiro 2,0.25 | 3,0.25 | 
hbase 10,0.05263157894736842 | 14,0.05263157894736842 | 3,0.10526315789473684 | 4,0.15789473684210525 | 1,0.21052631578947367 | 
jmeter 0,0.25 | 
deeplearning4j 
jetty 6,0.062280701754385964 | 0,0.07894736842105263 | 4,0.09649122807017543 | 3,0.09736842105263158 | 1,0.12280701754385964 | 
hadoop 9,0.01809954751131222 | 4,0.0746606334841629 | 1,0.14027149321266968 | 3,0.15384615384615385 | 0,0.23076923076923078 | 
flink 5,0.022123893805309734 | 3,0.0420353982300885 | 2,0.06858407079646017 | 4,0.07964601769911504 | 1,0.25 | 
kafka 4,0.0340522133938706 | 8,0.0340522133938706 | 3,0.12939841089670828 | 2,0.18615209988649262 | 1,0.2508513053348468 | 
tomcat 1,0.014925373134328358 | 3,0.05970149253731343 | 2,0.07462686567164178 | 30,0.07462686567164178 | 12,0.13432835820895522 | 
hive 10,0.058823529411764705 | 3,0.11764705882352941 | 1,0.23529411764705882 | 0,0.29411764705882354 | 
shiro 2,0.16666666666666666 | 3,0.16666666666666666 | 
hbase 3,0.04903677758318739 | 5,0.05779334500875657 | 4,0.08756567425569177 | 1,0.11558669001751314 | 2,0.14185639229422067 | 
jmeter 0,0.3333333333333333 | 
